11 8
10 7
1 0
3 9
2 1
5 3
4 2
7 10
6 4
9 6
8 5

11 -3.8961038961e-05
12 -0.00270822510823
13 -0.00087012987013
14 -0.00176608946609
15 -0.000279509379509
16 0.00291154401154
17 0.00102366522367
18 0.00259898989899
19 0.00317287157287
20 -0.00100663780664
21 -0.00303751803752
22 0.00286536796537
23 0.00145757575758
24 0.00985194805195
25 -0.00247604617605
26 0.00767864357864
27 -0.00580317460317
28 -0.00937316017316
29 -0.014758008658
30 0.00364242424242
31 0.00651601731602
32 0.000398412698413
33 0.00298744588745
34 0.003243001443
35 -0.00270808080808
36 -0.0012911976912
37 -0.0052088023088
38 -0.00578643578644
39 -0.00071443001443
40 -0.00436060606061
41 0.00551053391053
42 -0.000338095238095
43 0.00866666666667
44 -0.0197675064935
45 -0.0101599354978
46 0.0246367408369
47 0.0288217998557
48 0.0237687578644
49 0.0115965050505
50 -0.0131841308802
51 -0.0416277911977
52 -0.0221348692641
53 -0.00264283434343
54 0.0206932640693
55 -0.113334539683
56 -0.0438566197691
57 -0.0143287747475
58 0.0413040161616
59 -0.0031968030303
60 0.0721930636364
61 0.0281827678211
62 0.0447862037518
63 0.0110923252525
64 -0.0460395470418
65 0.0231979076479
66 0.0304080376623
67 0.0225611707071
68 -0.0437923082251
69 -0.0195434997114
70 -0.00508096724387
71 -0.000156128282828
72 0.00752334458874
73 0.0397631217893
74 0.0035665968254
75 -0.0362939738817
76 0.00104460577201
77 0.0458651737374
78 0.020772394228
79 0.0171742248196
80 -0.0156284506494
81 -0.000473753535354
82 -0.0565800673882
83 -0.020230834632
84 0.00632941832612
85 -0.0253989992785
86 0.0243518597403
87 0.00381903463203
88 0.0157515955267
89 0.0620761955267
90 -0.0222706219336
91 -0.0511570932179
92 -0.0282974587302
93 -0.0176968822511
94 0.00521391457431
95 0.037045981241
96 0.00449976291486
97 0.0357136213564
98 -0.0408790150072
99 0.0410590900433
100 0.0370127780664
101 -0.045721305772
102 0.00378315627706
103 -0.00631413520924
104 -0.0126330549784
105 0.00860357316017
106 0.00416294112554
107 -0.0016053952381
108 -0.0218159670996
109 -0.00653168037518
110 0.00202676998557
111 -0.0123324272727
112 -0.0228208994228
113 0.00481543261183
114 0.00156156782107
115 0.0247748542569
116 0.0185594808081
117 -0.0002804998557
118 -0.00334111197691
119 -0.0170248036075
120 0.00406163665224
121 -0.0052426979798
122 0.0243991256854
123 -0.0153046699856
124 -0.0208862323232
125 -0.0306155903319
126 0.0476420417027
127 0.0307532033189
128 -0.0263475037518
129 0.00552180562771
130 -0.0112038096681
131 0.00128432770563
132 -0.0040671984127
133 -0.0164588987013
134 -0.00554141659452
135 0.0175917861472
136 0.00455019437229
137 0.0324236559885
138 0.00285016594517
139 0.00624886998557
140 -0.0179459304473
141 -0.013229976912
142 -0.00642125137085
143 -0.0196808203463
144 0.00530005165945
145 -0.0114855808081
146 -0.00591188369408
147 0.000667956565657
148 0.0172997702742
149 0.0161115053391
150 -0.00243573304473
151 -0.00402464704185
152 0.0059999018759
153 -0.00184052077922
